123456789 Slim Jim 6 12 1946 74 140
987654321 Slight Sarah  1 29 1980 62 100
373685746 Heavy Harold 10 6 1934 68 221
345209124 Pacino Al  4 25 1940   67 160
123121323 Pitt Bradley  12 18 1963  71 194
763728912 Aguilera Christina 12 18 1980  62  105
129382929 Crawford Cindy  2  20 1966  70  120
888222777 Damon Matthew  10 8 1970  70  157
323999000 Stallone Sylvester 7 6 1946  70 218
888221923 Bullock Sandra 7 26 1964 67 115
832192847 Kudro Lisa 7 30 1963  68 122
672182123 Slight Ellen 6 15 1964 66 105
735273824 Heavy Albert 12 5 2001 66 250
782180241 Crawford Cindy 7 18 1920 68 120
328259827 Pacino Alfred 5 19 1997  72 210
162139681 Pacino Bob  8 28 1987 69 180
242892381 Pitt Robert 10 18 1990 70 185
314124566 Stallone Sam 11 17 2003 69 208
123124121 Slim James 3 28 2005 67 180
632737182 Slim James 7 25 2001 70 206
231281231 Damon Matthew 6 13 2004 70 172